0 0 0 0 0 0 0 0 0 0 0 0 0 0 0 0 0 0 0 0 0 0 0 0 0 0 0 0 0 0 0 0 0 0 0 0 0 0 0 0 0 0 0 0 0 0 0 0 0 0 0 0 0 0 0 0 0 0 0 0 0 0 0 0 0 0 0 0 0 0 0 0 0 0 0 0 0 0 0 0 0 0 0 0 0 0 0 0 0 0 0 0 0 0 0 0 0 0 0 0 0 0 0 0 0 0 0 0 0 0 0 0 0 0 0 0 0 0 0 0 0 0 0 0 0 0 0 0 
0 0 0 0 0 0 0 0 0 0 0 0 0 0 0 0 0 0 0 0 0 0 0 0 0 0 0 0 0 0 0 0 0 0 0 0 0 0 0 0 0 0 0 0 0 0 0 0 0 0 0 0 0 0 0 0 0 0 0 0 0 0 0 0 0 0 0 0 0 0 0 0 0 0 0 0 0 0 0 0 0 0 0 0 0 0 0 0 0 0 0 0 0 0 0 0 0 0 0 0 0 0 0 0 0 0 0 0 0 0 0 0 0 0 0 0 0 0 0 0 0 0 0 0 0 0 0 0 
1 2 2 3 2 2 2 3 4 3 4 2 2 2 2 2 2 2 2 2 2 2 2 2 2 2 2 2 2 2 2 2 2 2 2 2 2 2 2 2 2 2 2 2 2 3 4 3 4 2 2 2 2 2 2 2 2 2 2 2 2 3 2 2 2 2 2 3 2 2 2 2 2 2 2 2 2 2 2 2 2 2 2 2 2 2 2 2 2 2 2 2 2 2 2 2 2 2 2 2 2 2 2 2 2 2 2 2 2 2 2 2 2 2 2 2 2 2 2 2 2 2 2 2 2 2 2 2 
5 1 2 6 7 8 2 9 10 6 10 2 2 2 2 2 2 11 12 13 2 2 2 2 2 2 2 2 2 11 12 13 2 2 2 2 2 11 12 13 2 2 2 2 2 6 10 6 10 2 2 11 12 13 2 2 2 11 12 13 2 6 7 8 3 8 2 9 7 8 2 2 2 2 2 11 12 13 2 2 2 2 2 11 12 13 2 2 2 2 2 2 2 2 2 2 2 2 2 2 2 2 2 2 2 2 11 13 2 2 2 11 12 13 2 2 2 2 11 13 2 2 2 2 2 11 12 13 
5 14 2 15 16 17 18 19 18 19 18 2 2 2 2 2 2 20 20 21 20 2 22 23 20 21 22 23 2 2 2 2 2 2 2 2 2 2 2 2 2 2 2 2 2 15 18 19 18 2 2 2 2 2 2 2 2 2 2 2 2 15 16 17 16 17 18 19 16 17 18 2 2 2 2 2 2 2 2 2 2 2 2 2 2 2 2 2 2 2 2 2 2 2 2 2 2 2 2 2 2 20 20 21 22 23 20 2 2 20 20 2 20 21 22 23 2 2 2 2 2 2 2 2 2 2 2 2 
27 28 2 19 29 30 31 19 31 19 31 2 11 13 2 2 22 32 33 33 33 34 32 35 33 33 32 35 23 2 2 2 2 2 11 13 2 2 2 2 2 2 2 2 2 19 31 19 31 2 2 2 2 2 2 2 2 2 2 2 2 19 29 30 29 30 31 19 29 30 31 2 11 13 2 2 2 2 2 2 2 2 2 2 2 2 11 13 2 2 2 2 2 2 2 2 2 11 12 13 22 32 33 33 32 35 33 23 22 32 33 34 33 33 32 35 23 2 2 11 12 13 2 2 2 2 2 2 
39 28 2 19 40 29 41 19 41 19 41 2 2 2 2 42 43 44 43 44 43 44 44 45 43 44 44 45 43 46 2 2 2 2 2 20 20 21 22 23 2 21 2 2 2 19 41 19 41 2 2 2 2 2 2 2 2 2 2 2 2 19 40 29 40 29 41 19 40 29 41 2 2 2 2 2 2 2 2 2 2 2 2 2 2 2 2 2 2 2 2 2 2 2 2 2 2 2 2 42 43 44 43 44 44 45 43 44 44 45 43 44 43 44 44 45 43 46 2 2 2 20 20 21 2 21 22 23 
39 47 48 49 50 51 52 51 52 51 53 54 48 49 49 55 56 55 56 55 56 55 50 56 56 55 50 56 56 55 53 49 53 54 42 44 43 43 44 44 57 43 46 2 48 49 52 51 53 54 2 2 2 2 2 2 2 2 2 2 48 49 50 51 50 51 52 51 50 51 53 54 48 49 53 54 2 2 2 2 2 2 2 2 2 2 2 2 2 2 2 2 2 2 2 2 48 49 49 55 56 55 56 55 50 56 56 55 50 56 56 55 56 55 50 56 56 55 53 54 42 44 43 43 57 43 44 44 
58 59 60 60 60 60 60 60 60 60 60 60 60 60 60 60 60 60 60 60 60 60 60 60 60 60 60 60 60 60 60 60 60 60 60 60 60 60 60 60 60 60 60 60 60 60 60 60 60 60 60 60 60 60 60 60 60 60 60 60 60 60 60 60 60 60 60 60 60 60 60 60 60 60 60 60 60 60 60 60 60 60 60 60 60 60 60 60 60 60 60 60 60 60 60 60 60 60 60 60 60 60 60 60 60 60 60 60 60 60 60 60 60 60 60 60 60 60 60 60 60 60 60 60 60 60 60 60 
63 59 60 60 60 60 60 60 60 60 60 60 60 60 60 60 60 60 60 60 60 60 60 60 60 60 60 60 60 60 60 60 60 60 60 60 60 60 60 60 60 60 60 60 60 60 60 60 60 60 60 60 60 60 60 60 60 60 60 60 60 60 60 60 60 60 60 60 60 60 60 60 60 60 60 60 60 60 60 60 60 60 60 60 60 60 60 60 60 60 60 60 60 60 60 60 60 60 60 60 60 60 60 60 60 60 60 60 60 60 60 60 60 60 60 60 60 60 60 60 60 60 60 60 60 60 60 60 
65 66 60 60 60 60 60 60 60 60 60 60 60 60 60 60 60 60 60 60 60 60 60 60 60 60 60 60 60 60 60 60 60 60 60 60 60 60 60 60 60 60 60 60 60 60 60 60 60 60 60 60 60 60 60 60 60 60 60 60 60 60 60 60 60 60 60 60 60 60 60 60 60 60 60 60 60 60 60 60 60 60 60 60 60 60 60 60 60 60 60 60 60 60 60 60 60 60 60 60 60 60 60 60 60 60 60 60 60 60 60 60 60 60 60 60 60 60 60 60 60 60 60 60 60 60 60 60 
66 66 60 60 60 60 60 60 60 60 60 60 60 60 60 60 60 60 60 60 60 60 60 60 60 60 60 60 60 60 60 60 60 60 60 60 60 60 60 60 60 60 60 60 60 60 60 60 60 60 60 60 60 60 60 60 60 60 60 60 60 60 60 60 60 60 60 60 60 60 60 60 60 60 60 60 60 60 60 60 60 60 60 60 60 60 60 60 60 60 60 60 60 60 60 60 60 60 60 60 60 60 60 60 60 60 60 60 60 60 60 60 60 60 60 60 60 60 60 60 60 60 60 60 60 60 60 60 
78 78 60 60 60 60 60 60 60 60 60 60 60 60 60 60 60 60 60 60 60 60 60 60 60 60 60 60 60 60 60 60 60 60 60 60 60 60 60 60 60 60 60 60 60 60 60 60 60 60 60 60 60 60 60 60 60 60 60 60 60 60 60 60 60 60 60 60 60 60 60 60 60 60 60 60 60 60 60 60 60 60 60 60 60 60 60 60 60 60 60 60 60 60 60 60 60 60 60 60 60 60 60 60 60 60 60 60 60 60 60 60 60 60 60 60 60 60 60 60 60 60 60 60 60 60 60 60 

