41
291 105 263 394 1 0
346 89 0 0 7 0 0
386 105 263 394 1 0
442 57 0 0 7 0 1
513 80 422 557 5 0
642 48 584 711 5 0
697 41 0 0 7 0 5
869 105 0 0 1 0
908 19 0 0 3 0
1003 57 0 0 7 0 7
1059 137 960 1071 4 0
1156 41 1107 1161 4 0
1147 121 0 0 7 0 1
1155 137 1158 1227 1 0
1219 137 1158 1227 1 0
1386 57 0 0 7 0 6
1420 34 0 0 3 0
1440 16 0 0 3 1
1497 57 0 0 7 0 0
1476 112 0 0 5 0
1575 73 1313 1584 5 0
1612 41 1609 1738 5 1
1656 41 1609 1738 5 0
1675 105 0 0 7 0 8
1819 121 0 0 7 0 5
1892 41 1892 1934 1 0
2073 73 0 0 7 0 6
2082 112 2055 2129 0 5
2185 57 0 0 7 0 0
2276 144 2242 2322 0 5
2362 89 0 0 7 0 1
2396 34 0 0 3 0
2466 144 2403 2478 0 5
2491 89 0 0 7 0 5
2618 73 0 0 7 0 7
2671 34 0 0 3 0
2673 112 2664 2699 5 0
2728 90 2728 2880 0 1
2827 57 0 0 7 0 1
2962 137 2951 3024 1 0
2990 34 0 0 3 0