27
0 208 256 224
256 176 416 192
416 144 576 160
576 112 736 256
800 208 832 256
864 176 896 256
928 144 960 256 
960 208 1088 256 
1088 112 1184 128
1152 208 1248 224
1216 112 1312 128
1312 144 1600 160
1600 112 1760 128
1824 208 1856 256
1886 112 1952 128
1984 176 2016 256
2048 176 2144 192
2144 144 2240 160
2240 208 2336 224
2336 176 2400 192
2400 208 2496 224
2496 176 2592 192
2592 208 2656 224
2656 176 2720 192
2720 144 2876 160
2944 208 3056 224
3040 80 3072 176
1056 152 1087 159
1856 152 1887 159