34
100 110 200 530 0 1
901 43 641 800 0 0
938 43 1023 1086 0 1
1271 110 1120 1173 0 0

243 84 0 0 1 0
290 84 0 0 1 0
338 84 0 0 1 0
436 84 366 493 1 0
1292 0 1285 1375 1 0
1475 0 0 0 1 0
1500 0 0 0 1 0
1874 84 1795 2015 1 0
1945 84 1795 2015 1 0



1147 89 0 0 2 0 1
330 90 0 0 2 1 0
426 90 0 0 2 1 0
570 90 0 0 2 1 1
633 77 0 0 2 1 2
762 60 0 0 2 1 3
1178 26 0 0 2 0 8
1850 92 0 0 2 0 5
1658 93 0 0 2 1 9
1322 29 0 0 2 0 1
889 26 0 0 2 1 6


550 18 0 0 3 1
713 18 0 0 3 1
1050 33 0 0 3 0
1147 89 0 0 2 0 1
1178 26 0 0 2 0 8
1204 40 1204 1235 4 1
1282 39 1280 1365 1 1
1321 29 2 0 0 1
1269 120 1084 1435 0 1
1367 93 1120 1390 5 1 0
1142 40 0 0 1 1
1322 29 0 0 2 0 1
1475 8 1471 1552 1 1
1563 54 0 0 3 0
1722 19 0 0 3 1
1865 18 0 0 3 1


805 0 800 830 4 0
1220 0 1205 1240 4 0

1367 103 1120 1390 5 1

600 100 0 0 6 1















